00,Club,1,10,0,0,0,0,1
01,Mace,1,15,0,0,0,0,4
02,Axe,1,20,0,0,0,0,8
03,Sword,1,25,0,0,0,0,12
04,Sabre,1,30,0,0,0,0,16
11,Wooden Mask,6,0,0,50,0,0,1
12,Stone Mask,6,0,0,100,0,0,3
13,Copper Mask,6,0,0,150,0,0,6
14,Bronze Mask,6,0,0,200,0,0,9
15,Iron Mask,6,0,0,250,0,0,12
16,Steel Mask,6,0,0,300,0,0,15
21,Shaft,2,12,0,0,0,0,3
22,Spear,2,16,0,0,0,0,6
23,Javelin,2,20,0,0,0,0,9
24,Pilum,2,24,0,0,0,0,12
25,Verutum,2,28,0,0,0,0,15
31,Short Bow,3,7,0.25,0,0,0,6
32,Composite Bow,3,9,0.25,0,0,0,9
33,Compound Bow,3,11,0.5,0,0,0,11
34,Recurve Bow,3,13,0.5,0,0,0,13
35,Reflex Bow,3,16,0.75,0,0,0,15
41,Broken Sword,4,17,0.25,0,0,0,9
42,Short Sword,4,20,0.25,0,0,0,12
43,Dagger,4,22,0.5,0,0,0,15
51,SpellBook,5,35,0,0,0,0,12
52,Staff,5,45,0,0,0,0,14
53,Wand,5,55,0,0,0,0,16